-2.37 -5.67 -2.63 -3.13 -3.32 
-5.80 -3.88 -4.37 -4.22 -4.88 
-7.21 -5.56 -5.83 -5.86 -5.82 
-8.71 -6.97 -7.41 -7.27 -7.35 
-10.20 -8.50 -8.85 -8.77 -8.80 
-9.89 -10.41 -10.14 -10.64 -10.80 
-11.60 -12.29 -11.13 -13.55 -14.57 
-14.62 -12.71 -13.68 -13.28 -13.81 
-14.40 -15.12 -14.58 -15.30 -15.20 
-16.31 -16.39 -16.31 -15.60 -15.72 
-17.15 -17.57 -17.12 -17.69 -18.09 
-20.20 -18.41 -18.87 -18.78 -19.07 
-19.90 -20.47 -20.14 -20.70 -20.80 
-21.62 -22.30 -21.17 -23.57 -24.60 
-24.64 -22.74 -23.70 -23.31 -23.83 
-24.43 -25.14 -24.61 -25.32 -25.23 
-27.62 -25.84 -26.31 -26.18 -26.49 
-27.33 -27.89 -27.56 -28.13 -28.22 
-30.51 -28.76 -29.17 -29.09 -29.34 
-30.54 -31.27 -30.09 -32.51 -33.32 
-32.29 -32.24 -32.66 -31.68 -32.03 
-33.68
