-3.36 -3.24 -3.57 -6.97 -3.38 -5.65 
-4.77 -5.27 -5.71 -5.04 -5.05 -6.51 
-6.70 -6.90 -7.21 -10.76 -6.25 -9.19 
-8.78 -8.00 -8.32 -8.47 -8.41 -7.66 
-9.51 -9.96 -9.86 -9.65 -9.11 -9.07 
-11.03 -11.01 -11.62 -14.69 -10.46 -13.52 
-13.01 -12.29 -12.60 -12.75 -12.62 -11.88 
-13.81 -13.32 -14.18 -13.73 -13.80 -13.21 
-14.93 -15.41 -15.19 -15.16 -14.47 -14.46 
-16.04 -16.20 -16.96 -15.89 -16.14 -17.88 
-17.29 -17.83 -18.27 -17.72 -17.56 -19.19 
-18.88 -19.26 -19.70 -19.14 -19.08 -20.70 
-20.33 -20.77 -21.22 -20.64 -20.58 -22.19 
-21.83 -22.26 -22.70 -22.13 -22.07 -23.68 
-23.71 -24.09 -23.50 -23.98 -23.19 -23.09 
-25.07 -25.05 -25.70 -28.69 -24.57 -27.58 
-27.06 -27.11 -27.35 -30.83 -26.35 -29.20 
-28.96 -29.07 -28.45 -28.78 -28.14 -27.95 
-30.00 -29.25 -30.03 -29.63 -29.86 -29.28 
-30.51 -31.10 -31.92 -30.83 -30.85 -32.53 
-32.14 -32.53 -32.95 -32.45 -32.32 -33.97 
-34.03 -34.24 -34.55 -38.09 -33.58 -36.50 
-36.08 -36.21 -35.57 -35.96 -35.30 -35.11 
-37.15 -36.40 -37.18 -36.78 -37.01 -36.43 
-37.66 -38.25 -39.07 -37.98 -38.00 -39.68 
-39.67 -40.02 -39.40 -39.96 -39.10 -39.04 
-40.59 -40.77 -41.57 -40.43 -40.78 -42.46 
-42.24 -42.75 -42.16 -42.67 -41.77 -41.69 
-43.71 -42.91 -43.62 -43.31 -43.52 -42.94 
-44.16 -44.76 -45.58 -44.48 -44.51 -46.19 
-46.21 -45.65 -45.99 -46.31 -46.05 -45.42 
-47.24 -46.77 -47.56 -47.19 -47.24 -46.62 
-48.40 -47.95 -48.71 -48.42 -48.35 -47.78 
-49.58 -49.86 -50.54 -53.56 -49.18 -52.20 
-51.39 -51.52 -51.88 -51.28 -51.27 -52.84 
-52.99 -52.51 -52.91 -53.08 -52.91 -52.23 
-53.67 -54.14 -55.00 -53.83 -53.99 -55.67 
-55.58 -55.98 -55.37 -55.92 -55.04 -54.98 
-56.55 -56.72 -57.51 -56.38 -56.72 -58.41 
-58.19 -58.69 -58.10 -58.61 -57.72 -57.64 
-59.65 -58.85 -59.57 -59.25 -59.47 -58.88 
-60.52 -60.17 -60.92 -60.62 -60.54 -59.92 
-61.77 -61.28 -62.03 -61.74 -61.70 -61.13 
-62.92 -62.46 -63.21 -62.92 -62.86 -62.28 
-64.09 -63.62 -64.38 -64.08 -64.03 -63.46 
-65.22 -65.67 -65.46 -65.41 -64.75 -64.74 
-66.69 -66.82 -66.54 -66.52 -66.05 -66.06 
-67.50 -67.75 -68.52 -67.43 -67.69 -69.39 
-69.24 -68.81 -69.17 -69.44 -69.17 -68.52 
-69.96 -70.42 -71.28 -70.11 -70.27 -71.96 
-71.86 -72.27 -71.66 -72.21 -71.33 -71.26 
-72.83 -73.00 -73.80 -72.66 -73.00 -74.69 
-74.47 -74.98 -74.39 -74.90 -74.00 -73.92 
-75.91 -76.01 -75.77 -75.70 -75.31 -75.29 
-77.12 -76.44 -77.13 -76.86 -76.99 -76.40 
-78.09 -78.45 -79.13 -82.15 -77.74 -80.74 
-80.38 -80.28 -80.50 -84.02 -79.56 -82.45 
-81.76 -81.95 -82.37 -81.63 -81.73 -83.24 
-83.39 -82.92 -83.32 -83.51 -83.32 -82.65 
-84.08 -84.55 -85.41 -84.25 -84.40 -86.08 
-85.99 -86.40 -85.79 -86.33 -85.45 -85.39 
-87.38 -86.59 -87.31 -86.99 -87.21 -86.61 
-88.26 -88.64 -89.33 -92.35 -87.93 -90.92 
-90.54 -90.59 -89.92 -90.38 -89.64 -89.50 
-91.50 -91.66 -91.48 -91.31 -90.95 -90.93 
-92.74 -92.96 -92.69 -92.67 -92.17 -92.17 
-94.01 -94.20 -93.94 -93.91 -93.44 -93.43 
-95.26 -95.46 -95.20 -95.17 -94.69 -94.68 
-96.52 -96.72 -96.45 -96.42 -95.95 -95.94 
-97.39 -97.63 -98.40 -97.32 -97.57 -99.28 
-99.10 -99.57 -98.98 -99.49 -98.61 -98.53 
-100.12 -100.28 -101.07 -99.95 -100.28 -101.98 
-101.78 -101.38 -101.75 -102.02 -101.73 -101.08 
-102.53 -102.98 -103.84 -102.67 -102.84 -104.52 
-104.42 -104.84 -104.23 -104.77 -103.89 -103.82 
-105.40 -105.57 -106.36 -105.23 -105.57 -107.26 
-106.65 -107.20 -107.64 -107.11 -106.93 -108.57 
-108.67 -108.10 -108.45 -108.71 -108.53 -107.87 
-110.97
